請把程式碼寫在sketch.js內
利用ml5.js內的facemesh model
產生編號為
嘴唇
409,270,269,267,0,37,39,40,185,61,146,91,181,84,17,314,405,321,375,291
76,77,90,180,85,16,315,404,320,307,306,408,304,303,302,11,72,73,74,184

左眼
243,190,56,28,27,29,30,247,130,25,110,24,23,22,26,112
133,173,157,158,159,160,161,246,33,7,163,144,145,153,154,155
右眼
359,467,260,259,257,258,286,444,463,341,256,252,253,254,339,255
263,466,388,387,386,385,384,398,362,382,381,380,374,373,390,249
利用line指令畫線把所有點串接在一起
線條顏色為紅色，粗細為5
使用ml5.js比較新的版本<script src="https://unpkg.com/ml5@1/dist/ml5.js"></script>
---

https://cdnjs.cloudflare.com/ajax/libs/ml5/0.12.2/ml5.min.js
這串ml5.js網站是空的已被移除，請修正(常出現的AI錯誤)
修改內容如下:
<script src="https://unpkg.com/ml5@0.12.2/dist/ml5.min.js"></script>